6/15/2021	259.769989	259.98999	257.679993	258.359985	257.395416	18038900
6/16/2021	259.399994	260.579987	254.419998	257.380005	256.419098	27220000
6/17/2021	256.070007	261.75	256.01001	260.899994	259.925964	27565500
6/18/2021	259.630005	262.299988	258.75	259.429993	258.461426	37202200
6/21/2021	259.820007	263.519989	257.920013	262.630005	261.649475	26696100
6/22/2021	262.720001	265.790009	262.399994	265.51001	264.518738	24694100
6/23/2021	265.98999	266.829987	264.429993	265.269989	264.279633	19518700
6/24/2021	266.160004	267.850006	265.470001	266.690002	265.694336	21446900
6/25/2021	266.230011	267.25	264.76001	265.019989	264.030579	25611100
6/28/2021	266.190002	268.899994	265.910004	268.720001	267.716766	19590000
6/29/2021	268.869995	271.649994	267.980011	271.399994	270.386719	19937800
6/30/2021	270.690002	271.359985	269.600006	270.899994	269.888611	21656500
7/1/2021	269.609985	271.839996	269.600006	271.600006	270.586029	16725300
7/2/2021	272.820007	278	272.5	277.649994	276.613403	26458000
7/6/2021	278.029999	279.369995	274.299988	277.660004	276.623383	31565600
7/7/2021	279.399994	280.690002	277.149994	279.929993	278.884888	23260000
7/8/2021	276.899994	278.730011	274.869995	277.420013	276.384277	24618600
7/9/2021	275.720001	278.049988	275.320007	277.940002	276.902344	23916700
7/12/2021	279.160004	279.769989	276.579987	277.320007	276.284668	18931700
7/13/2021	277.519989	282.850006	277.390015	280.980011	279.930969	26120100
7/14/2021	282.350006	283.660004	280.549988	282.51001	281.455292	23113700
7/15/2021	282	282.51001	279.829987	281.029999	279.980774	22604200
7/16/2021	282.070007	284.100006	279.459991	280.75	279.701843	26186800
7/19/2021	278.929993	280.369995	274.450012	277.01001	275.9758	32935600
7/20/2021	278.029999	280.970001	276.26001	279.320007	278.277161	26259700
7/21/2021	278.899994	281.519989	277.290009	281.399994	280.349396	24364300
7/22/2021	283.839996	286.420013	283.420013	286.140015	285.071716	23384100
7/23/2021	287.369995	289.98999	286.5	289.670013	288.588531	22768100
7/26/2021	289	289.690002	286.640015	289.049988	287.970825	23176100
7/27/2021	289.429993	289.579987	282.950012	286.540009	285.470215	33604100
7/28/2021	288.98999	290.149994	283.829987	286.220001	285.151398	33566900
7/29/2021	286.23999	288.619995	286.079987	286.5	285.430389	18168300
7/30/2021	285.170013	286.660004	283.910004	284.910004	283.846313	20940900
8/2/2021	286.359985	286.769989	283.73999	284.820007	283.756653	16267400
8/3/2021	285.420013	287.230011	284	287.119995	286.048065	17879000
8/4/2021	286.220001	287.589996	284.649994	286.51001	285.440338	16191300
8/5/2021	286.880005	289.630005	286.100006	289.519989	288.439087	13900200
8/6/2021	288.51001	289.5	287.619995	289.459991	288.379333	16585200
8/9/2021	289.75	291.549988	287.809998	288.329987	287.25351	16117600
8/10/2021	288.799988	289.25	285.200012	286.440002	285.370605	18616600
8/11/2021	287.209991	288.660004	285.859985	286.950012	285.878723	13955900
8/12/2021	286.630005	289.970001	286.339996	289.809998	288.728027	14561300
8/13/2021	289.480011	292.899994	289.299988	292.850006	291.756653	18231400
8/16/2021	293.190002	294.820007	290.019989	294.600006	293.500153	22507600
8/17/2021	292.390015	293.429993	291.079987	293.079987	291.985809	20075300
8/18/2021	292.040009	294.820007	290.269989	290.730011	290.199097	21813000
8/19/2021	288.690002	297.470001	288.640015	296.769989	296.228027	29850500
8/20/2021	299.720001	305.839996	298.059998	304.359985	303.804169	40796100
8/23/2021	303.25	305.399994	301.850006	304.649994	304.093658	22830200
8/24/2021	305.019989	305.649994	302	302.619995	302.067352	18175800
8/25/2021	304.299988	304.589996	300.420013	302.01001	301.458496	20006100
8/26/2021	300.98999	302.429993	298.950012	299.089996	298.543823	17666100
8/27/2021	298.98999	300.869995	296.829987	299.720001	299.172668	22597000
8/30/2021	301.119995	304.220001	301.059998	303.589996	303.035583	16348100
8/31/2021	304.420013	304.5	301.5	301.880005	301.328735	26285300
9/1/2021	302.869995	305.190002	301.48999	301.829987	301.278809	18983800
9/2/2021	302.200012	303.359985	300.179993	301.149994	300.600037	16285600
9/3/2021	300.98999	302.600006	300.26001	301.140015	300.590088	14747900
9/7/2021	301.01001	301.089996	298.200012	300.179993	299.631805	17180400
9/8/2021	299.779999	300.609985	297.470001	300.209991	299.661743	15046800
9/9/2021	300.820007	302.140015	297	297.25	296.707184	19927000
9/10/2021	298.420013	299.920013	295.380005	295.709991	295.169983	19619400
9/13/2021	297.549988	298.540009	294.079987	296.98999	296.447632	23652900
9/14/2021	299.559998	301.390015	298.100006	299.790009	299.242554	21853400
9/15/2021	303.26001	305.320007	301.820007	304.820007	304.263367	28356300
9/16/2021	303.76001	305.309998	300.76001	305.220001	304.662628	19550800
9/17/2021	304.170013	304.5	299.529999	299.869995	299.322388	41372500
9/20/2021	296.329987	298.720001	289.519989	294.299988	293.762543	38278700
9/21/2021	295.690002	297.540009	294.070007	294.799988	294.261627	22364100
9/22/2021	296.730011	300.220001	294.51001	298.579987	298.034729	26626300
9/23/2021	298.850006	300.899994	297.529999	299.559998	299.012939	18604600
9/24/2021	298.230011	299.799988	296.929993	299.350006	298.803345	14999000
9/27/2021	296.140015	296.470001	292.940002	294.170013	293.632813	23571700
9/28/2021	289.799988	290.779999	282.75	283.519989	283.002228	43186200
9/29/2021	285.100006	286.769989	283.01001	284	283.481354	26353700
9/30/2021	285.709991	287.829987	281.619995	281.920013	281.405182	32325800
10/1/2021	282.119995	289.980011	281.290009	289.100006	288.572052	30086300
10/4/2021	287.399994	287.75	280.25	283.109985	282.592987	31350700
10/5/2021	284.049988	290.399994	284.049988	288.76001	288.232697	24993000
10/6/2021	285.779999	293.630005	285.51001	293.109985	292.574707	28002600
10/7/2021	295.179993	296.640015	293.920013	294.850006	294.311554	20430500
10/8/2021	296.220001	296.640015	293.76001	294.850006	294.311554	17680300
10/11/2021	292.920013	297.970001	292.75	294.230011	293.692688	19298600
10/12/2021	295.339996	295.440002	292.350006	292.880005	292.345154	17974100
10/13/2021	294.910004	297.279999	293.48999	296.309998	295.76889	23416300
10/14/2021	299.209991	303.269989	297.829987	302.75	302.197113	27262900
10/15/2021	302.339996	304.450012	300.519989	304.209991	303.654449	25374700
10/18/2021	303.570007	308.209991	302.690002	307.290009	306.728851	22729300
10/19/2021	308.350006	309.299988	307.220001	308.230011	307.667145	17682100
10/20/2021	309.209991	309.700012	306.109985	307.410004	306.848633	16537100
10/21/2021	307.170013	311.019989	306.359985	310.76001	310.192505	16918100
10/22/2021	310.399994	311.089996	307.799988	309.160004	308.595428	17449300
10/25/2021	309.359985	309.399994	306.459991	308.130005	307.567322	17554500
10/26/2021	311	312.399994	308.600006	310.109985	309.543671	28107300
10/27/2021	316	326.100006	316	323.170013	322.579865	52588700
10/28/2021	324.329987	324.869995	321.359985	324.350006	323.75769	26297900
10/29/2021	324.130005	332	323.899994	331.619995	331.014404	34744900
11/1/2021	331.359985	331.48999	326.369995	329.369995	328.768524	27073200
11/2/2021	330.309998	333.450012	330	333.130005	332.521667	26487100
11/3/2021	333.899994	334.899994	330.649994	334	333.390045	21500100
11/4/2021	332.890015	336.540009	329.51001	336.440002	335.825592	23992200
11/5/2021	338.51001	338.790009	334.420013	336.059998	335.446289	22564000
11/8/2021	337.299988	337.649994	334.440002	336.98999	336.374603	20897000
11/9/2021	337.109985	338.720001	334.529999	335.950012	335.336517	21307400
11/10/2021	334.570007	334.630005	329.920013	330.799988	330.195892	25500900
11/11/2021	331.25	333.769989	330.51001	332.429993	331.822906	16849800
11/12/2021	333.920013	337.230011	333.790009	336.720001	336.105103	23822000
11/15/2021	337.540009	337.880005	334.029999	336.070007	335.456299	16723000
11/16/2021	335.679993	340.670013	335.51001	339.51001	338.890015	20886800
11/17/2021	338.940002	342.190002	338	339.119995	339.119995	19053400
11/18/2021	338.179993	342.450012	337.119995	341.269989	341.269989	22463500
11/19/2021	342.640015	345.100006	342.200012	343.109985	343.109985	21963400
11/22/2021	344.619995	349.670013	339.549988	339.829987	339.829987	31031100
11/23/2021	337.049988	339.450012	333.559998	337.679993	337.679993	30427600
11/24/2021	336.279999	338.160004	333.910004	337.910004	337.910004	21661300
11/26/2021	334.350006	337.929993	328.119995	329.679993	329.679993	24217200
11/29/2021	334.940002	339.029999	334.73999	336.630005	336.630005	28563500
11/30/2021	335.320007	337.779999	328.98999	330.589996	330.589996	42885600
12/1/2021	335.130005	339.279999	329.390015	330.079987	330.079987	33337600
12/2/2021	330.299988	333.48999	327.799988	329.48999	329.48999	30766000
12/3/2021	331.98999	332.700012	318.029999	323.01001	323.01001	41755900
12/6/2021	323.950012	327.450012	319.230011	326.190002	326.190002	30032600
12/7/2021	331.640015	335.799988	330.100006	334.920013	334.920013	31021900
12/8/2021	335.309998	335.5	330.799988	334.970001	334.970001	24761000
12/9/2021	334.410004	336.48999	332.119995	333.100006	333.100006	22214200
12/10/2021	334.980011	343	334.790009	342.540009	342.540009	38077300
12/13/2021	340.679993	343.790009	339.079987	339.399994	339.399994	28899400
12/14/2021	333.220001	334.640015	324.109985	328.339996	328.339996	44438700
